# name: Mode	
# type: scalar	
  4	
# name: ERange	
# type: matrix	
# rows: 1	
# columns: 3	
 -4.538297 -.538297 500	
# name: HamiltonianProvider	
# type: string	
# rows: 1	
DFT	
# name: Path_EM	
# type: string	
# rows: 1	
 ../../siesta/em.out
# name: Path_Leads	
# type: string	
# rows: 2	
  1 /home/mario/Research/ASU/transport-alanine/leads-Au/Au111/nz6/leads.out
  2 /home/mario/Research/ASU/transport-alanine/leads-Au/Au111/nz6/leads.out 
# name: leadp	
# type: matrix	
# rows: 2	
# columns: 3	
  2	  2	 -1	
  2	  2	 -1	
# name: Bias
# type: matrix
# rows: 2
# columns: 3
-0.5 0.5 10
0.0 0.0 0.0
# name: atom	
# type: matrix	
# rows: 191
# columns: 6	
1 1 2 0 0.0 0.0
2 1 2 0 0.0 0.0
3 1 2 0 0.0 0.0
4 1 2 0 0.0 0.0
5 1 2 0 0.0 0.0
6 1 2 0 0.0 0.0
7 1 2 0 0.0 0.0
8 1 2 0 0.0 0.0
9 1 2 0 0.0 0.0
10 1 2 0 0.0 0.0
11 1 2 0 0.0 0.0
12 1 2 0 0.0 0.0
13 1 2 0 0.0 0.0
14 1 2 0 0.0 0.0
15 1 2 0 0.0 0.0
16 1 2 0 0.0 0.0
17 1 2 0 0.0 0.0
18 1 2 0 0.0 0.0
19 1 2 0 0.0 0.0
20 1 2 0 0.0 0.0
21 1 2 0 0.0 0.0
22 1 2 0 0.0 0.0
23 1 2 0 0.0 0.0
24 1 2 0 0.0 0.0
25 1 2 0 0.0 0.0
26 1 2 0 0.0 0.0
27 1 2 0 0.0 0.0
28 1 1 0 0.0 0.0
29 1 1 0 0.0 0.0
30 1 1 0 0.0 0.0
31 1 1 0 0.0 0.0
32 1 1 0 0.0 0.0
33 1 1 0 0.0 0.0
34 1 1 0 0.0 0.0
35 1 1 0 0.0 0.0
36 1 1 0 0.0 0.0
37 1 1 0 0.0 0.0
38 1 1 0 0.0 0.0
39 1 1 0 0.0 0.0
40 1 1 0 0.0 0.0
41 1 1 0 0.0 0.0
42 1 1 0 0.0 0.0
43 1 1 0 0.0 0.0
44 1 1 0 0.0 0.0
45 1 1 0 0.0 0.0
46 1 1 0 0.0 0.0
47 1 1 0 0.0 0.0
48 1 1 0 0.0 0.0
49 1 1 0 0.0 0.0
50 1 1 0 0.0 0.0
51 1 1 0 0.0 0.0
52 1 1 0 0.0 0.0
53 1 1 0 0.0 0.0
54 1 1 0 0.0 0.0
55 0 1 0 0.0 0.0
56 0 1 0 0.0 0.0
57 0 1 0 0.0 0.0
58 0 1 0 0.0 0.0
59 0 1 0 0.0 0.0
60 0 1 0 0.0 0.0
61 0 1 0 0.0 0.0
62 0 1 0 0.0 0.0
63 0 1 0 0.0 0.0
64 0 1 0 0.0 0.0
65 0 1 0 0.0 0.0
66 0 1 0 0.0 0.0
67 0 1 0 0.0 0.0
68 0 1 0 0.0 0.0
69 0 1 0 0.0 0.0
70 0 1 0 0.0 0.0
71 0 1 0 0.0 0.0
72 0 1 0 0.0 0.0
73 0 1 0 0.0 0.0
74 0 1 0 0.0 0.0
75 0 1 0 0.0 0.0
76 0 1 0 0.0 0.0
77 0 1 0 0.0 0.0
78 0 1 0 0.0 0.0
79 0 1 0 0.0 0.0
80 0 1 0 0.0 0.0
81 0 1 0 0.0 0.0
82 0 1 0 0.0 0.0
83 0 1 0 0.0 0.0
84 0 1 0 0.0 0.0
85 0 1 0 0.0 0.0
86 0 1 0 0.0 0.0
87 0 1 0 0.0 0.0
88 0 1 0 0.0 0.0
89 0 1 0 0.0 0.0
90 0 1 0 0.0 0.0
91 0 1 0 0.0 0.0
92 0 1 0 0.0 0.0
93 0 1 0 0.0 0.0
94 0 1 0 0.0 0.0
95 0 1 0 0.0 0.0
96 0 1 0 0.0 0.0
97 0 1 0 0.0 0.0
98 0 1 0 0.0 0.0
99 0 1 0 0.0 0.0
100 0 1 0 0.0 0.0
101 0 1 0 0.0 0.0
102 0 1 0 0.0 0.0
103 0 1 0 0.0 0.0
104 0 1 0 0.0 0.0
105 0 1 0 0.0 0.0
106 0 1 0 0.0 0.0
107 0 1 0 0.0 0.0
108 0 1 0 0.0 0.0
109 0 1 0 0.0 0.0
110 0 1 0 0.0 0.0
111 0 1 0 0.0 0.0
112 0 1 0 0.0 0.0
113 0 1 0 0.0 0.0
114 0 1 0 0.0 0.0
115 0 1 0 0.0 0.0
116 0 1 0 0.0 0.0
117 0 1 0 0.0 0.0
118 0 1 0 0.0 0.0
119 0 1 0 0.0 0.0
120 0 1 0 0.0 0.0
121 0 1 0 0.0 0.0
122 0 1 0 0.0 0.0
123 0 1 0 0.0 0.0
124 0 1 0 0.0 0.0
125 0 1 0 0.0 0.0
126 0 1 0 0.0 0.0
127 0 1 0 0.0 0.0
128 0 1 0 0.0 0.0
129 0 1 0 0.0 0.0
130 0 1 0 0.0 0.0
131 0 1 0 0.0 0.0
132 0 1 0 0.0 0.0
133 0 1 0 0.0 0.0
134 0 1 0 0.0 0.0
135 0 1 0 0.0 0.0
136 0 1 0 0.0 0.0
137 0 1 0 0.0 0.0
138 2 1 0 0.0 0.0
139 2 1 0 0.0 0.0
140 2 1 0 0.0 0.0
141 2 1 0 0.0 0.0
142 2 1 0 0.0 0.0
143 2 1 0 0.0 0.0
144 2 1 0 0.0 0.0
145 2 1 0 0.0 0.0
146 2 1 0 0.0 0.0
147 2 1 0 0.0 0.0
148 2 1 0 0.0 0.0
149 2 1 0 0.0 0.0
150 2 1 0 0.0 0.0
151 2 1 0 0.0 0.0
152 2 1 0 0.0 0.0
153 2 1 0 0.0 0.0
154 2 1 0 0.0 0.0
155 2 1 0 0.0 0.0
156 2 1 0 0.0 0.0
157 2 1 0 0.0 0.0
158 2 1 0 0.0 0.0
159 2 1 0 0.0 0.0
160 2 1 0 0.0 0.0
161 2 1 0 0.0 0.0
162 2 1 0 0.0 0.0
163 2 1 0 0.0 0.0
164 2 1 0 0.0 0.0
165 2 2 0 0.0 0.0
166 2 2 0 0.0 0.0
167 2 2 0 0.0 0.0
168 2 2 0 0.0 0.0
169 2 2 0 0.0 0.0
170 2 2 0 0.0 0.0
171 2 2 0 0.0 0.0
172 2 2 0 0.0 0.0
173 2 2 0 0.0 0.0
174 2 2 0 0.0 0.0
175 2 2 0 0.0 0.0
176 2 2 0 0.0 0.0
177 2 2 0 0.0 0.0
178 2 2 0 0.0 0.0
179 2 2 0 0.0 0.0
180 2 2 0 0.0 0.0
181 2 2 0 0.0 0.0
182 2 2 0 0.0 0.0
183 2 2 0 0.0 0.0
184 2 2 0 0.0 0.0
185 2 2 0 0.0 0.0
186 2 2 0 0.0 0.0
187 2 2 0 0.0 0.0
188 2 2 0 0.0 0.0
189 2 2 0 0.0 0.0
190 2 2 0 0.0 0.0
191 2 2 0 0.0 0.0
